   2015.00000       0.00000000    
   2020.00000       6.92071160E-04
   2025.00000       1.43580104E-03
   2030.00000       2.53367331E-03
   2035.00000       4.28698817E-03
   2040.00000       6.32671546E-03
   2045.00000       8.80739465E-03
   2050.00000       1.22938631E-02
   2055.00000       1.73418447E-02
   2060.00000       2.35260725E-02
   2065.00000       3.10829170E-02
   2070.00000       4.05080318E-02
   2075.00000       5.22927307E-02
   2080.00000       6.53977469E-02
   2085.00000       8.05180520E-02
   2090.00000       9.90311876E-02
   2095.00000      0.122274078    
   2100.00000      0.149992049    
   2105.00000      0.182866767    
   2110.00000      0.220079407    
   2115.00000      0.260761887    
   2120.00000      0.303481042    
   2125.00000      0.352080762    
   2130.00000      0.404734790    
   2135.00000      0.459347993    
   2140.00000      0.514115691    
   2145.00000      0.573087990    
   2150.00000      0.635484636    
   2155.00000      0.700258017    
   2160.00000      0.766394138    
   2165.00000      0.837422967    
   2170.00000      0.910999477    
   2175.00000      0.984533608    
   2180.00000       1.05521715    
   2185.00000       1.12797952    
   2190.00000       1.20340121    
   2195.00000       1.28175664    
   2200.00000       1.36224926    
   2205.00000       1.44755292    
   2210.00000       1.53561878    
   2215.00000       1.62418520    
   2220.00000       1.71028936    
   2225.00000       1.80000913    
   2230.00000       1.89244664    
   2235.00000       1.98651588    
   2240.00000       2.07995033    
   2245.00000       2.17700481    
   2250.00000       2.27737880    
   2255.00000       2.38058519    
   2260.00000       2.48422122    
   2265.00000       2.59320211    
   2270.00000       2.70639038    
   2275.00000       2.82239914    
   2280.00000       2.93861651    
   2285.00000       3.06084490    
   2290.00000       3.18744159    
   2295.00000       3.31655550    
   2300.00000       3.47139907    
