1.000000e-20 4.857586e-33 1.000000e-20
1.202708e-20 6.532882e-33 1.202708e-20
1.446507e-20 8.785863e-33 1.446507e-20
1.739726e-20 1.181570e-32 1.739726e-20
2.092383e-20 1.589020e-32 2.092383e-20
2.516527e-20 2.136951e-32 2.516527e-20
3.026648e-20 2.873789e-32 3.026648e-20
3.640175e-20 3.864651e-32 3.640175e-20
4.378069e-20 5.197095e-32 4.378069e-20
5.265540e-20 6.988854e-32 5.265540e-20
6.332908e-20 9.398234e-32 6.332908e-20
7.616642e-20 1.263809e-31 7.616642e-20
9.160598e-20 1.699462e-31 9.160598e-20
1.101753e-19 2.285263e-31 1.101753e-19
1.325087e-19 3.072951e-31 1.325087e-19
1.593694e-19 4.132090e-31 1.593694e-19
1.916748e-19 5.556210e-31 1.916748e-19
2.305289e-19 7.471058e-31 2.305289e-19
2.772591e-19 1.004570e-30 2.772591e-19
3.334618e-19 1.350743e-30 3.334618e-19
4.010573e-19 1.816183e-30 4.010573e-19
4.823549e-19 2.441974e-30 4.823549e-19
5.801323e-19 3.283348e-30 5.801323e-19
6.977300e-19 4.414557e-30 6.977300e-19
8.391656e-19 5.935422e-30 8.391656e-19
1.009272e-18 7.980137e-30 1.009272e-18
1.213859e-18 1.072910e-29 1.213859e-18
1.459919e-18 1.442482e-29 1.459919e-18
1.755856e-18 1.939330e-29 1.755856e-18
2.111783e-18 2.607276e-29 2.111783e-18
2.539859e-18 3.505230e-29 2.539859e-18
3.054710e-18 4.712376e-29 3.054710e-18
3.673925e-18 6.335157e-29 3.673925e-18
4.418660e-18 8.516649e-29 4.418660e-18
5.314359e-18 1.144917e-28 5.314359e-18
6.391624e-18 1.539122e-28 6.391624e-18
7.687260e-18 2.069027e-28 7.687260e-18
9.245531e-18 2.781333e-28 9.245531e-18
1.111968e-17 3.738811e-28 1.111968e-17
1.337373e-17 5.025830e-28 1.337373e-17
1.608469e-17 6.755784e-28 1.608469e-17
1.934520e-17 9.081077e-28 1.934520e-17
2.326663e-17 1.220654e-27 2.326663e-17
2.798297e-17 1.640747e-27 2.798297e-17
3.365535e-17 2.205383e-27 3.365535e-17
4.047757e-17 2.964286e-27 4.047757e-17
4.868271e-17 3.984278e-27 4.868271e-17
5.855110e-17 5.355163e-27 5.855110e-17
7.041990e-17 7.197626e-27 7.041990e-17
8.469460e-17 9.673848e-27 8.469460e-17
1.018629e-16 1.300178e-26 1.018629e-16
1.225114e-16 1.747429e-26 1.225114e-16
1.473454e-16 2.348496e-26 1.473454e-16
1.772136e-16 3.156266e-26 1.772136e-16
2.131362e-16 4.241804e-26 2.131362e-16
2.563407e-16 5.700606e-26 2.563407e-16
3.083031e-16 7.660989e-26 3.083031e-16
3.707988e-16 1.029537e-25 3.707988e-16
4.459628e-16 1.383542e-25 4.459628e-16
5.363631e-16 1.859243e-25 5.363631e-16
6.450884e-16 2.498466e-25 6.450884e-16
7.758532e-16 3.357406e-25 7.758532e-16
9.331251e-16 4.511570e-25 9.331251e-16
1.122277e-15 6.062404e-25 1.122277e-15
1.349772e-15 8.146207e-25 1.349772e-15
1.623382e-15 1.094610e-24 1.623382e-15
1.952456e-15 1.470810e-24 1.952456e-15
2.348235e-15 1.976275e-24 2.348235e-15
2.824241e-15 2.655409e-24 2.824241e-15
3.396739e-15 3.567869e-24 3.396739e-15
4.085286e-15 4.793800e-24 4.085286e-15
4.913407e-15 6.440867e-24 4.913407e-15
5.909396e-15 8.653710e-24 5.909396e-15
7.107280e-15 1.162663e-23 7.107280e-15
8.547985e-15 1.562065e-23 8.547985e-15
1.028073e-14 2.098639e-23 1.028073e-14
1.236472e-14 2.819488e-23 1.236472e-14
1.487115e-14 3.787882e-23 1.487115e-14
1.788566e-14 5.088811e-23 1.788566e-14
2.151123e-14 6.836442e-23 2.151123e-14
2.587174e-14 9.184126e-23 2.587174e-14
3.111616e-14 1.233785e-22 3.111616e-14
3.742366e-14 1.657430e-22 3.742366e-14
4.500975e-14 2.226512e-22 4.500975e-14
5.413360e-14 2.990949e-22 5.413360e-14
6.510694e-14 4.017790e-22 6.510694e-14
7.830465e-14 5.397092e-22 7.830465e-14
9.417766e-14 7.249815e-22 9.417766e-14
1.132683e-13 9.738421e-22 1.132683e-13
1.362287e-13 1.308112e-21 1.362287e-13
1.638434e-13 1.757098e-21 1.638434e-13
1.970558e-13 2.360162e-21 1.970558e-13
2.370006e-13 3.170172e-21 2.370006e-13
2.850426e-13 4.258131e-21 2.850426e-13
3.428231e-13 5.719400e-21 3.428231e-13
4.123163e-13 7.682053e-21 4.123163e-13
4.958962e-13 1.031810e-20 4.958962e-13
5.964185e-13 1.385855e-20 5.964185e-13
7.173175e-13 1.861366e-20 7.173175e-13
8.627237e-13 2.500011e-20 8.627237e-13
1.037605e-12 3.357750e-20 1.037605e-12
1.247936e-12 4.509736e-20 1.247936e-12
1.500903e-12 6.056902e-20 1.500903e-12
1.805149e-12 8.134798e-20 1.805149e-12
2.171068e-12 1.092547e-19 2.171068e-12
2.611161e-12 1.467339e-19 2.611161e-12
3.140465e-12 1.970691e-19 3.140465e-12
3.777064e-12 2.646698e-19 3.777064e-12
4.542706e-12 3.554578e-19 4.542706e-12
5.463550e-12 4.773864e-19 5.463550e-12
6.571058e-12 6.411365e-19 6.571057e-12
7.903066e-12 8.610527e-19 7.903065e-12
9.505083e-12 1.156400e-18 9.505082e-12
1.143184e-11 1.553051e-18 1.143184e-11
1.374917e-11 2.085754e-18 1.374917e-11
1.653624e-11 2.801177e-18 1.653624e-11
1.988828e-11 3.761995e-18 1.988828e-11
2.391980e-11 5.052387e-18 2.391980e-11
2.876854e-11 6.785410e-18 2.876854e-11
3.460016e-11 9.112908e-18 3.460016e-11
4.161391e-11 1.223882e-17 4.161390e-11
5.004939e-11 1.643708e-17 5.004938e-11
6.019482e-11 2.207558e-17 6.019481e-11
7.239681e-11 2.964850e-17 7.239679e-11
8.707225e-11 3.981960e-17 8.707222e-11
1.047225e-10 5.348044e-17 1.047225e-10
1.259506e-10 7.182861e-17 1.259506e-10
1.514819e-10 9.647281e-17 1.514818e-10
1.821885e-10 1.295740e-16 1.821885e-10
2.191197e-10 1.740350e-16 2.191196e-10
2.635371e-10 2.337556e-16 2.635369e-10
3.169582e-10 3.139746e-16 3.169580e-10
3.812083e-10 4.217302e-16 3.812080e-10
4.584824e-10 5.664781e-16 4.584820e-10
5.514206e-10 7.609226e-16 5.514201e-10
6.631981e-10 1.022133e-15 6.631975e-10
7.976339e-10 1.373044e-15 7.976330e-10
9.593209e-10 1.844474e-15 9.593198e-10
1.153783e-09 2.477833e-15 1.153782e-09
1.387665e-09 3.328772e-15 1.387663e-09
1.668956e-09 4.472075e-15 1.668953e-09
2.007267e-09 6.008250e-15 2.007264e-09
2.414157e-09 8.072382e-15 2.414152e-09
2.903527e-09 1.084603e-14 2.903520e-09
3.492096e-09 1.457326e-14 3.492087e-09
4.199973e-09 1.958211e-14 4.199961e-09
5.051342e-09 2.631363e-14 5.051326e-09
6.075292e-09 3.536073e-14 6.075269e-09
7.306804e-09 4.752059e-14 7.306774e-09
8.787954e-09 6.386511e-14 8.787914e-09
1.056935e-08 8.583567e-14 1.056929e-08
1.271184e-08 1.153706e-13 1.271177e-08
1.528864e-08 1.550770e-13 1.528854e-08
1.838777e-08 2.084611e-13 1.838764e-08
2.211512e-08 2.802397e-13 2.211495e-08
2.659804e-08 3.767579e-13 2.659781e-08
3.198969e-08 5.065527e-13 3.198937e-08
3.847427e-08 6.811105e-13 3.847384e-08
4.627332e-08 9.158887e-13 4.627275e-08
5.565331e-08 1.231690e-12 5.565254e-08
6.693470e-08 1.656515e-12 6.693367e-08
8.050292e-08 2.228054e-12 8.050153e-08
9.682153e-08 2.997052e-12 9.681967e-08
1.164481e-07 4.031836e-12 1.164456e-07
1.400531e-07 5.424415e-12 1.400497e-07
1.684430e-07 7.298712e-12 1.684385e-07
2.025878e-07 9.821656e-12 2.025817e-07
2.436540e-07 1.321814e-11 2.436459e-07
2.930447e-07 1.779118e-11 2.930338e-07
3.524473e-07 2.394915e-11 3.524326e-07
4.238913e-07 3.224250e-11 4.238715e-07
5.098176e-07 4.341328e-11 5.097910e-07
6.131619e-07 5.846203e-11 6.131262e-07
7.374549e-07 7.873811e-11 7.374069e-07
8.869432e-07 1.060616e-10 8.868786e-07
1.066734e-06 1.428882e-10 1.066647e-06
1.282970e-06 1.925315e-10 1.282853e-06
1.543038e-06 2.594640e-10 1.542882e-06
1.855825e-06 3.497238e-10 1.855614e-06
2.232016e-06 4.714643e-10 2.231733e-06
2.684465e-06 6.356981e-10 2.684083e-06
3.228628e-06 8.573035e-10 3.228115e-06
3.883098e-06 1.156386e-09 3.882408e-06
4.670234e-06 1.560125e-09 4.669306e-06
5.616930e-06 2.105266e-09 5.615680e-06
6.755528e-06 2.841512e-09 6.753847e-06
8.124930e-06 3.836104e-09 8.122668e-06
9.771921e-06 5.180042e-09 9.768876e-06
1.175277e-05 6.996518e-09 1.174867e-05
1.413516e-05 9.452364e-09 1.412964e-05
1.700047e-05 1.277358e-08 1.699304e-05
2.044661e-05 1.726643e-08 2.043660e-05
2.459130e-05 2.334612e-08 2.457784e-05
2.957617e-05 3.157570e-08 2.955803e-05
3.557150e-05 4.271910e-08 3.554707e-05
4.278214e-05 5.781310e-08 4.274922e-05
5.145444e-05 7.826547e-08 5.141008e-05
6.188468e-05 1.059884e-07 6.182490e-05
7.442922e-05 1.435805e-07 7.434865e-05
8.951665e-05 1.945747e-07 8.940802e-05
1.076624e-04 2.637761e-07 1.075159e-04
1.294865e-04 3.577234e-07 1.292889e-04
1.557345e-04 4.853186e-07 1.554680e-04
1.873032e-04 6.586861e-07 1.869436e-04
2.252711e-04 8.943481e-07 2.247858e-04
2.709354e-04 1.214830e-06 2.702804e-04
3.258562e-04 1.650856e-06 3.249717e-04
3.919100e-04 2.244355e-06 3.907153e-04
4.713535e-04 3.052572e-06 4.697392e-04
5.669007e-04 4.153702e-06 5.647188e-04
6.818162e-04 5.654607e-06 6.788659e-04
8.200261e-04 7.701387e-06 8.160350e-04
9.862522e-04 1.049388e-05 9.808507e-04
1.186174e-03 1.430554e-05 1.178860e-03
1.426621e-03 1.951068e-05 1.416712e-03
1.715809e-03 2.662188e-05 1.702375e-03
2.063618e-03 3.634120e-05 2.045392e-03
2.481930e-03 4.963053e-05 2.457184e-03
2.985038e-03 6.780786e-05 2.951409e-03
3.590130e-03 9.267923e-05 3.544384e-03
4.317880e-03 1.267194e-04 4.255581e-03
5.193150e-03 1.733185e-04 5.108204e-03
6.245845e-03 2.371192e-04 6.129855e-03
7.511929e-03 3.244755e-04 7.353299e-03
9.034660e-03 4.440759e-04 8.817331e-03
1.086606e-02 6.077873e-04 1.056773e-02
1.306870e-02 8.317907e-04 1.265827e-02
1.571784e-02 1.138104e-03 1.515182e-02
1.890397e-02 1.556601e-03 1.812135e-02
2.273597e-02 2.127672e-03 2.165074e-02
2.734474e-02 2.905662e-03 2.583535e-02
3.288774e-02 3.963262e-03 3.078174e-02
3.955436e-02 5.396929e-03 3.660638e-02
4.757236e-02 7.333384e-03 4.343249e-02
5.721568e-02 9.936939e-03 5.138430e-02
6.881377e-02 1.341707e-02 6.057754e-02
8.276289e-02 1.803498e-02 7.110513e-02
9.953962e-02 2.410703e-02 8.301699e-02
1.197171e-01 3.200173e-02 9.629392e-02
1.439848e-01 4.212616e-02 1.108170e-01
1.731717e-01 5.489723e-02 1.263368e-01
2.082751e-01 7.069486e-02 1.424498e-01
2.504942e-01 8.979849e-02 1.585941e-01
3.012714e-01 1.123156e-01 1.740750e-01
3.623416e-01 1.381190e-01 1.881273e-01
4.357913e-01 1.668156e-01 2.000111e-01
5.241298e-01 1.977636e-01 2.091196e-01
6.303753e-01 2.301426e-01 2.150732e-01
7.581576e-01 2.630617e-01 2.177681e-01
9.118425e-01 2.956750e-01 2.173708e-01
1.096681e+00 3.272755e-01 2.142614e-01
1.318987e+00 3.573474e-01 2.089513e-01
1.586357e+00 3.855752e-01 2.019979e-01
1.907924e+00 4.118215e-01 1.939358e-01
2.294676e+00 4.360857e-01 1.852330e-01
2.759826e+00 4.584610e-01 1.762697e-01
3.319266e+00 4.790950e-01 1.673355e-01
3.992109e+00 4.981599e-01 1.586374e-01
4.801343e+00 5.158319e-01 1.503130e-01
5.774615e+00 5.322782e-01 1.424451e-01
6.945178e+00 5.476506e-01 1.350751e-01
8.353023e+00 5.620822e-01 1.282148e-01
1.004625e+01 5.756875e-01 1.218557e-01
1.208271e+01 5.885636e-01 1.159759e-01
1.453198e+01 6.007919e-01 1.105459e-01
1.747773e+01 6.124402e-01 1.055317e-01
2.102061e+01 6.235651e-01 1.008980e-01
2.528166e+01 6.342137e-01 9.661006e-02
3.040646e+01 6.444251e-01 9.263422e-02
3.657011e+01 6.542323e-01 8.893921e-02
4.398317e+01 6.636629e-01 8.549624e-02
5.289893e+01 6.727405e-01 8.227922e-02
6.362198e+01 6.814854e-01 7.926471e-02
7.651869e+01 6.899149e-01 7.643186e-02
9.202967e+01 6.980444e-01 7.376222e-02
1.106848e+02 7.058876e-01 7.123955e-02
1.331216e+02 7.134567e-01 6.884963e-02
1.601064e+02 7.207628e-01 6.658004e-02
1.925614e+02 7.278160e-01 6.441995e-02
2.315951e+02 7.346259e-01 6.235994e-02
2.785414e+02 7.412013e-01 6.039180e-02
3.350041e+02 7.475506e-01 5.850841e-02
4.029122e+02 7.536817e-01 5.670357e-02
4.845859e+02 7.596023e-01 5.497185e-02
5.828155e+02 7.653195e-01 5.330852e-02
7.009570e+02 7.708405e-01 5.170942e-02
8.430468e+02 7.761720e-01 5.017088e-02
1.013939e+03 7.813206e-01 4.868966e-02
1.219473e+03 7.862927e-01 4.726287e-02
1.466671e+03 7.910944e-01 4.588790e-02
1.763977e+03 7.957318e-01 4.456242e-02
2.121550e+03 8.002107e-01 4.328430e-02
2.551606e+03 8.045367e-01 4.205158e-02
3.068838e+03 8.087154e-01 4.086246e-02
3.690917e+03 8.127520e-01 3.971527e-02
4.439097e+03 8.166519e-01 3.860845e-02
5.338938e+03 8.204199e-01 3.754053e-02
6.421186e+03 8.240611e-01 3.651011e-02
7.722814e+03 8.275800e-01 3.551587e-02
9.288292e+03 8.309814e-01 3.455655e-02
1.117111e+04 8.342696e-01 3.363094e-02
1.343558e+04 8.374489e-01 3.273786e-02
1.615909e+04 8.405234e-01 3.187622e-02
1.943467e+04 8.434973e-01 3.104491e-02
2.337424e+04 8.463743e-01 3.024289e-02
2.811239e+04 8.491581e-01 2.946915e-02
3.381101e+04 8.518524e-01 2.872271e-02
4.066478e+04 8.544607e-01 2.800261e-02
4.890787e+04 8.569864e-01 2.730793e-02
5.882190e+04 8.597306e-01 2.665627e-02
7.074559e+04 8.624107e-01 2.602801e-02
8.508632e+04 8.649903e-01 2.541998e-02
1.023340e+05 8.674968e-01 2.483296e-02
1.230780e+05 8.700598e-01 2.427330e-02
1.480269e+05 8.725215e-01 2.373101e-02
1.780332e+05 8.749954e-01 2.321145e-02
2.141220e+05 8.774104e-01 2.270985e-02
2.575263e+05 8.797929e-01 2.222680e-02
3.097291e+05 8.821462e-01 2.176162e-02
3.725137e+05 8.844663e-01 2.131334e-02
4.480254e+05 8.867482e-01 2.088097e-02
5.388438e+05 8.890018e-01 2.046430e-02
6.480720e+05 8.912200e-01 2.006232e-02
7.794416e+05 8.934081e-01 1.967462e-02
9.374409e+05 8.955628e-01 1.930045e-02
1.127468e+06 8.976866e-01 1.893933e-02
1.356015e+06 8.997791e-01 1.859069e-02
1.630891e+06 9.018417e-01 1.825405e-02
1.961486e+06 9.038743e-01 1.792889e-02
2.359095e+06 9.058776e-01 1.761476e-02
2.837304e+06 9.078523e-01 1.731122e-02
3.412449e+06 9.097988e-01 1.701782e-02
4.104181e+06 9.117177e-01 1.673416e-02
4.936132e+06 9.136097e-01 1.645986e-02
5.936727e+06 9.154752e-01 1.619454e-02
7.140151e+06 9.173150e-01 1.593783e-02
8.587519e+06 9.191294e-01 1.568940e-02
1.032828e+07 9.209192e-01 1.544891e-02
1.242191e+07 9.226849e-01 1.521606e-02
1.493993e+07 9.244270e-01 1.499054e-02
1.796838e+07 9.261461e-01 1.477205e-02
2.161073e+07 9.278427e-01 1.456032e-02
2.599140e+07 9.295174e-01 1.435507e-02
3.126007e+07 9.311706e-01 1.415607e-02
3.759675e+07 9.328030e-01 1.396305e-02
4.521792e+07 9.344150e-01 1.377578e-02
5.438397e+07 9.360070e-01 1.359403e-02
6.540806e+07 9.375796e-01 1.341758e-02
7.866682e+07 9.391332e-01 1.324623e-02
9.461324e+07 9.406684e-01 1.307976e-02
1.137921e+08 9.421854e-01 1.291799e-02
1.368587e+08 9.436848e-01 1.276073e-02
1.646012e+08 9.451670e-01 1.260779e-02
1.979672e+08 9.466324e-01 1.245901e-02
2.380968e+08 9.480814e-01 1.231421e-02
2.863610e+08 9.495143e-01 1.217325e-02
3.444087e+08 9.509316e-01 1.203595e-02
4.142232e+08 9.523336e-01 1.190217e-02
4.981898e+08 9.537206e-01 1.177178e-02
5.991770e+08 9.550929e-01 1.164462e-02
7.206351e+08 9.564510e-01 1.152058e-02
8.667139e+08 9.577951e-01 1.139951e-02
1.042404e+09 9.591256e-01 1.128130e-02
1.253708e+09 9.604426e-01 1.116583e-02
1.507845e+09 9.617466e-01 1.105298e-02
1.813498e+09 9.630377e-01 1.094265e-02
2.181109e+09 9.643162e-01 1.083472e-02
2.623238e+09 9.655824e-01 1.072910e-02
3.154990e+09 9.668365e-01 1.062568e-02
3.794533e+09 9.680788e-01 1.052437e-02
4.563716e+09 9.693095e-01 1.042508e-02
5.488820e+09 9.705288e-01 1.032773e-02
6.601449e+09 9.717369e-01 1.023222e-02
7.939618e+09 9.729339e-01 1.013847e-02
9.549045e+09 9.741202e-01 1.004641e-02
1.148472e+10 9.752958e-01 9.955959e-03
1.381276e+10 9.764610e-01 9.867045e-03
1.661273e+10 9.776159e-01 9.779598e-03
1.998026e+10 9.787607e-01 9.693550e-03
2.403043e+10 9.798955e-01 9.608836e-03
2.890160e+10 9.810204e-01 9.525394e-03
3.476019e+10 9.821357e-01 9.443163e-03
4.180637e+10 9.832414e-01 9.362086e-03
5.028087e+10 9.843377e-01 9.282108e-03
6.047322e+10 9.854247e-01 9.203175e-03
7.273165e+10 9.865025e-01 9.125236e-03
8.747496e+10 9.875712e-01 9.048242e-03
1.052069e+11 9.886313e-01 8.771544e-03
1.265332e+11 9.896293e-01 8.014318e-03
1.521825e+11 9.905401e-01 7.321173e-03
1.830312e+11 9.913712e-01 6.686903e-03
2.201331e+11 9.921295e-01 6.106687e-03
2.647559e+11 9.928214e-01 5.576071e-03
3.184242e+11 9.934526e-01 5.090939e-03
3.829714e+11 9.940284e-01 4.647497e-03
4.606029e+11 9.945537e-01 4.242250e-03
5.539709e+11 9.950329e-01 3.871981e-03
6.662655e+11 9.954700e-01 3.533730e-03
8.013230e+11 9.958687e-01 3.224780e-03
9.637579e+11 9.962324e-01 2.942635e-03
1.159120e+12 9.965641e-01 2.685002e-03
1.394083e+12 9.968666e-01 2.449783e-03
1.676675e+12 9.971426e-01 2.235051e-03
2.016551e+12 9.973942e-01 2.039042e-03
2.425323e+12 9.976237e-01 1.860139e-03
2.916956e+12 9.978330e-01 1.696865e-03
3.508247e+12 9.980239e-01 1.547865e-03
4.219398e+12 9.981980e-01 1.411901e-03
5.074705e+12 9.983568e-01 1.287840e-03
6.103390e+12 9.985015e-01 1.174648e-03
7.340598e+12 9.986336e-01 1.071377e-03
8.828599e+12 9.987540e-01 9.771624e-04
1.061823e+13 9.988638e-01 8.912140e-04
1.277063e+13 9.989639e-01 8.128096e-04
1.535935e+13 9.990552e-01 7.412898e-04
1.847281e+13 9.991385e-01 6.760522e-04
2.221741e+13 9.992144e-01 6.165468e-04
2.672106e+13 9.992836e-01 5.622714e-04
3.213764e+13 9.993468e-01 5.127678e-04
3.865221e+13 9.994043e-01 4.676173e-04
4.648734e+13 9.994568e-01 4.264381e-04
5.591071e+13 9.995047e-01 3.888817e-04
6.724427e+13 9.995484e-01 3.546298e-04
8.087525e+13 9.995882e-01 3.233923e-04
9.726934e+13 9.996245e-01 2.949042e-04
1.169866e+14 9.996576e-01 2.689240e-04
1.407008e+14 9.996878e-01 2.452312e-04
1.692220e+14 9.997153e-01 2.236245e-04
2.035248e+14 9.997404e-01 2.039206e-04
2.447809e+14 9.997633e-01 1.859520e-04
2.944000e+14 9.997841e-01 1.695660e-04
3.540774e+14 9.998032e-01 1.546234e-04
4.258518e+14 9.998205e-01 1.409971e-04
5.121755e+14 9.998363e-01 1.285712e-04
6.159978e+14 9.998508e-01 1.172400e-04
7.408657e+14 9.998639e-01 1.069073e-04
8.910453e+14 9.998759e-01 9.748494e-05
1.071668e+15 9.998869e-01 8.889285e-05
1.288904e+15 9.998968e-01 8.105790e-05
1.550175e+15 9.999059e-01 7.391339e-05
1.864409e+15 9.999142e-01 6.739849e-05
2.242340e+15 9.999218e-01 6.145773e-05
2.696881e+15 9.999287e-01 5.604055e-05
3.243561e+15 9.999350e-01 5.110080e-05
3.901058e+15 9.999407e-01 4.659641e-05
4.691835e+15 9.999459e-01 4.248904e-05
5.642908e+15 9.999507e-01 3.874368e-05
6.786773e+15 9.999550e-01 3.532844e-05
8.162509e+15 9.999590e-01 3.221423e-05
9.817117e+15 9.999626e-01 2.937452e-05
1.180713e+16 9.999659e-01 2.678511e-05
1.420053e+16 9.999689e-01 2.442395e-05
1.707910e+16 9.999717e-01 2.227092e-05
2.054117e+16 9.999742e-01 2.030767e-05
2.470504e+16 9.999764e-01 1.851748e-05
2.971296e+16 9.999785e-01 1.688510e-05
3.573602e+16 9.999804e-01 1.539661e-05
4.298001e+16 9.999821e-01 1.403933e-05
5.169242e+16 9.999837e-01 1.280170e-05
6.217090e+16 9.999851e-01 1.167317e-05
7.477346e+16 9.999865e-01 1.064412e-05
8.993067e+16 9.999876e-01 9.705782e-06
1.081604e+17 9.999887e-01 8.850164e-06
1.300854e+17 9.999897e-01 8.069972e-06
1.564548e+17 9.999906e-01 7.358557e-06
1.881694e+17 9.999915e-01 6.709856e-06
2.263130e+17 9.999922e-01 6.118342e-06
2.721885e+17 9.999929e-01 5.578972e-06
3.273634e+17 9.999935e-01 5.087150e-06
3.937226e+17 9.999941e-01 4.638685e-06
4.735335e+17 9.999946e-01 4.229755e-06
5.695227e+17 9.999951e-01 3.856874e-06
6.849697e+17 9.999955e-01 3.516864e-06
8.238187e+17 9.999959e-01 3.206829e-06
9.908137e+17 9.999963e-01 2.924125e-06
1.191660e+18 9.999966e-01 2.666343e-06
1.433219e+18 9.999969e-01 2.431287e-06
1.723745e+18 9.999972e-01 2.216952e-06
2.073162e+18 9.999974e-01 2.021512e-06
2.493409e+18 9.999977e-01 1.843301e-06
2.998844e+18 9.999979e-01 1.680801e-06
3.606735e+18 9.999980e-01 1.532627e-06
4.337850e+18 9.999982e-01 1.397515e-06
5.217169e+18 9.999984e-01 1.274314e-06
6.274732e+18 9.999985e-01 1.161974e-06
7.546673e+18 9.999987e-01 1.059537e-06
9.076446e+18 9.999988e-01 9.661314e-07
1.091632e+19 9.999989e-01 8.809599e-07
1.312915e+19 9.999990e-01 8.032968e-07
1.579053e+19 9.999991e-01 7.324804e-07
1.899141e+19 9.999992e-01 6.679068e-07
2.284112e+19 9.999992e-01 6.090259e-07
2.747121e+19 9.999993e-01 5.553358e-07
3.303985e+19 9.999994e-01 5.063789e-07
3.973730e+19 9.999994e-01 4.617379e-07
4.779239e+19 9.999995e-01 4.210323e-07
5.748030e+19 9.999995e-01 3.839151e-07
6.913204e+19 9.999996e-01 3.500702e-07
8.314568e+19 9.999996e-01 3.192089e-07
1.000000e+20 9.999996e-01 2.910683e-07
