0.000000
0.499307
0.998613
1.497920
1.997226
2.496533
2.995839
3.495146
3.994452
4.493759
4.993065
5.492372
5.991678
6.490985
6.990291
7.489598
7.988904
8.488211
8.987517
9.486824
9.986130
10.485437
10.984743
11.484050
11.983356
12.482663
12.981969
13.481276
13.980583
14.479889
14.979196
15.478502
15.977809
16.477115
16.976422
17.475728
17.975035
18.474341
18.973648
19.472954
19.972261
20.471567
20.970874
21.470180
21.969487
22.468793
22.968100
23.467406
23.966713
24.466019
24.965326
25.464632
25.963939
26.463245
26.962552
27.461859
27.961165
28.460472
28.959778
29.459085
29.958391
30.457698
30.957004
31.456311
31.955617
32.454924
32.954230
33.453537
33.952843
34.452150
34.951456
35.450763
35.950069
36.449376
36.948682
37.447989
37.947295
38.446602
38.945908
39.445215
39.944521
40.443828
40.943135
41.442441
41.941748
42.441054
42.940361
43.439667
43.938974
44.438280
44.937587
45.436893
45.936200
46.435506
46.934813
47.434119
47.933426
48.432732
48.932039
49.431345
49.930652
50.429958
50.929265
51.428571
51.927878
52.427184
52.926491
53.425798
53.925104
54.424411
54.923717
55.423024
55.922330
56.421637
56.920943
57.420250
57.919556
58.418863
58.918169
59.417476
59.916782
60.416089
60.915395
61.414702
61.914008
62.413315
62.912621
63.411928
63.911234
64.410541
64.909847
65.409154
65.908460
66.407767
66.907074
67.406380
67.905687
68.404993
68.904300
69.403606
69.902913
70.402219
70.901526
71.400832
71.900139
72.399445
72.898752
73.398058
73.897365
74.396671
74.895978
75.395284
75.894591
76.393897
76.893204
77.392510
77.891817
78.391123
78.890430
79.389736
79.889043
80.388350
80.887656
81.386963
81.886269
82.385576
82.884882
83.384189
83.883495
84.382802
84.882108
85.381415
85.880721
86.380028
86.879334
87.378641
87.877947
88.377254
88.876560
89.375867
89.875173
90.374480
90.873786
91.373093
91.872399
92.371706
92.871012
93.370319
93.869626
94.368932
94.868239
95.367545
95.866852
96.366158
96.865465
97.364771
97.864078
98.363384
98.862691
99.361997
99.861304
100.360610
100.859917
101.359223
101.858530
102.357836
102.857143
103.356449
103.855756
104.355062
104.854369
105.353675
105.852982
106.352288
106.851595
107.350902
107.850208
108.349515
108.848821
109.348128
109.847434
110.346741
110.846047
111.345354
111.844660
112.343967
112.843273
113.342580
113.841886
114.341193
114.840499
115.339806
115.839112
116.338419
116.837725
117.337032
117.836338
118.335645
118.834951
119.334258
119.833564
120.332871
120.832178
121.331484
121.830791
122.330097
122.829404
123.328710
123.828017
124.327323
124.826630
125.325936
125.825243
126.324549
126.823856
127.323162
127.822469
128.321775
128.821082
129.320388
129.819695
130.319001
130.818308
131.317614
131.816921
132.316227
132.815534
133.314840
133.814147
134.313454
134.812760
135.312067
135.811373
136.310680
136.809986
137.309293
137.808599
138.307906
138.807212
139.306519
139.805825
140.305132
140.804438
141.303745
141.803051
142.302358
142.801664
143.300971
143.800277
144.299584
144.798890
145.298197
145.797503
146.296810
146.796117
147.295423
147.794730
148.294036
148.793343
149.292649
149.791956
150.291262
150.790569
151.289875
151.789182
152.288488
152.787795
153.287101
153.786408
154.285714
154.785021
155.284327
155.783634
156.282940
156.782247
157.281553
157.780860
158.280166
158.779473
159.278779
159.778086
160.277393
160.776699
161.276006
161.775312
162.274619
162.773925
163.273232
163.772538
164.271845
164.771151
165.270458
165.769764
166.269071
166.768377
167.267684
167.766990
168.266297
168.765603
169.264910
169.764216
170.263523
170.762829
171.262136
171.761442
172.260749
172.760055
173.259362
173.758669
174.257975
174.757282
175.256588
175.755895
176.255201
176.754508
177.253814
177.753121
178.252427
178.751734
179.251040
179.750347
180.249653
180.748960
181.248266
181.747573
182.246879
182.746186
183.245492
183.744799
184.244105
184.743412
185.242718
185.742025
186.241331
186.740638
187.239945
187.739251
188.238558
188.737864
189.237171
189.736477
190.235784
190.735090
191.234397
191.733703
192.233010
192.732316
193.231623
193.730929
194.230236
194.729542
195.228849
195.728155
196.227462
196.726768
197.226075
197.725381
198.224688
198.723994
199.223301
199.722607
200.221914
200.721221
201.220527
201.719834
202.219140
202.718447
203.217753
203.717060
204.216366
204.715673
205.214979
205.714286
206.213592
206.712899
207.212205
207.711512
208.210818
208.710125
209.209431
209.708738
210.208044
210.707351
211.206657
211.705964
212.205270
212.704577
213.203883
213.703190
214.202497
214.701803
215.201110
215.700416
216.199723
216.699029
217.198336
217.697642
218.196949
218.696255
219.195562
219.694868
220.194175
220.693481
221.192788
221.692094
222.191401
222.690707
223.190014
223.689320
224.188627
224.687933
225.187240
225.686546
226.185853
226.685160
227.184466
227.683773
228.183079
228.682386
229.181692
229.680999
230.180305
230.679612
231.178918
231.678225
232.177531
232.676838
233.176144
233.675451
234.174757
234.674064
235.173370
235.672677
236.171983
236.671290
237.170596
237.669903
238.169209
238.668516
239.167822
239.667129
240.166436
240.665742
241.165049
241.664355
242.163662
242.662968
243.162275
243.661581
244.160888
244.660194
245.159501
245.658807
246.158114
246.657420
247.156727
247.656033
248.155340
248.654646
249.153953
249.653259
250.152566
250.651872
251.151179
251.650485
252.149792
252.649098
253.148405
253.647712
254.147018
254.646325
255.145631
255.644938
256.144244
256.643551
257.142857
257.642164
258.141470
258.640777
259.140083
259.639390
260.138696
260.638003
261.137309
261.636616
262.135922
262.635229
263.134535
263.633842
264.133148
264.632455
265.131761
265.631068
266.130374
266.629681
267.128988
267.628294
268.127601
268.626907
269.126214
269.625520
270.124827
270.624133
271.123440
271.622746
272.122053
272.621359
273.120666
273.619972
274.119279
274.618585
275.117892
275.617198
276.116505
276.615811
277.115118
277.614424
278.113731
278.613037
279.112344
279.611650
280.110957
280.610264
281.109570
281.608877
282.108183
282.607490
283.106796
283.606103
284.105409
284.604716
285.104022
285.603329
286.102635
286.601942
287.101248
287.600555
288.099861
288.599168
289.098474
289.597781
290.097087
290.596394
291.095700
291.595007
292.094313
292.593620
293.092926
293.592233
294.091540
294.590846
295.090153
295.589459
296.088766
296.588072
297.087379
297.586685
298.085992
298.585298
299.084605
299.583911
300.083218
300.582524
301.081831
301.581137
302.080444
302.579750
303.079057
303.578363
304.077670
304.576976
305.076283
305.575589
306.074896
306.574202
307.073509
307.572816
308.072122
308.571429
309.070735
309.570042
310.069348
310.568655
311.067961
311.567268
312.066574
312.565881
313.065187
313.564494
314.063800
314.563107
315.062413
315.561720
316.061026
316.560333
317.059639
317.558946
318.058252
318.557559
319.056865
319.556172
320.055479
320.554785
321.054092
321.553398
322.052705
322.552011
323.051318
323.550624
324.049931
324.549237
325.048544
325.547850
326.047157
326.546463
327.045770
327.545076
328.044383
328.543689
329.042996
329.542302
330.041609
330.540915
331.040222
331.539528
332.038835
332.538141
333.037448
333.536755
334.036061
334.535368
335.034674
335.533981
336.033287
336.532594
337.031900
337.531207
338.030513
338.529820
339.029126
339.528433
340.027739
340.527046
341.026352
341.525659
342.024965
342.524272
343.023578
343.522885
344.022191
344.521498
345.020804
345.520111
346.019417
346.518724
347.018031
347.517337
348.016644
348.515950
349.015257
349.514563
350.013870
350.513176
351.012483
351.511789
352.011096
352.510402
353.009709
353.509015
354.008322
354.507628
355.006935
355.506241
356.005548
356.504854
357.004161
357.503467
358.002774
358.502080
359.001387
359.500693
