3480000.000000
3505000.000000
3530000.000000
3555000.000000
3580000.000000
3605000.000000
3630000.000000
3654285.750000
3678571.500000
3702857.250000
3727142.750000
3751428.500000
3775714.250000
3800000.000000
3824285.750000
3848571.500000
3872857.250000
3897142.750000
3921428.500000
3945714.250000
3970000.000000
3995000.000000
4020000.000000
4045000.000000
4070000.000000
4095000.000000
4120000.000000
4145000.000000
4170000.000000
4195000.000000
4220000.000000
4245000.000000
4270000.000000
4295000.000000
4320000.000000
4345000.000000
4370000.000000
4395000.000000
4420000.000000
4444000.000000
4468000.000000
4492000.000000
4516000.000000
4540000.000000
4564000.000000
4588000.000000
4612000.000000
4636000.000000
4660000.000000
4684000.000000
4708000.000000
4732000.000000
4756000.000000
4780000.000000
4804000.000000
4828000.000000
4852000.000000
4876000.000000
4900000.000000
4927222.000000
4954444.500000
4981666.500000
5008889.000000
5036111.000000
5063333.500000
5090555.500000
5117778.000000
5145000.000000
5172222.000000
5199444.500000
5226666.500000
5253889.000000
5281111.000000
5308333.500000
5335555.500000
5362778.000000
5390000.000000
5413643.000000
5437285.500000
5460928.500000
5484571.500000
5508214.500000
5531857.000000
5555500.000000
5579143.000000
5602785.500000
5626428.500000
5650071.500000
5673714.500000
5697357.000000
5721000.000000
5746000.000000
5771000.000000
5794750.000000
5818500.000000
5842250.000000
5866000.000000
5889750.000000
5913500.000000
5937250.000000
5961000.000000
5978000.000000
5995000.000000
6008000.000000
6021000.000000
6034000.000000
6047000.000000
6060000.000000
6073000.000000
6086000.000000
6099000.000000
6112000.000000
6125000.000000
6138000.000000
6151000.000000
6164000.000000
6177000.000000
6190000.000000
6203000.000000
6216000.000000
6229000.000000
6242000.000000
6255000.000000
6264802.000000
6274604.000000
6284406.000000
6294208.000000
6304010.500000
6313812.500000
6323614.500000
6333416.500000
6340008.000000
6346600.000000
6352800.000000
6359000.000000
6365000.000000
6371000.000000
