   2015.00000       0.00000000    
   2016.00000       7.96420325E-04
   2017.00000       2.03487277E-03
   2018.00000       4.18431871E-03
   2019.00000       6.04466489E-03
   2020.00000       7.97055382E-03
   2021.00000       8.62521864E-03
   2022.00000       9.19808261E-03
   2023.00000       1.16312932E-02
   2024.00000       1.33877369E-02
   2025.00000       1.49262119E-02
   2026.00000       1.60828643E-02
   2027.00000       1.71249416E-02
   2028.00000       1.92144327E-02
   2029.00000       1.91869978E-02
   2030.00000       2.08890755E-02
   2031.00000       2.22857967E-02
   2032.00000       2.50190292E-02
   2033.00000       2.72393506E-02
   2034.00000       2.88050100E-02
   2035.00000       2.92851478E-02
   2036.00000       3.06216609E-02
   2037.00000       3.23892832E-02
   2038.00000       3.31313387E-02
   2039.00000       3.44678499E-02
   2040.00000       3.55917327E-02
   2041.00000       3.77084054E-02
   2042.00000       4.07198146E-02
   2043.00000       4.25857492E-02
   2044.00000       4.43040878E-02
   2045.00000       4.71628159E-02
   2046.00000       4.93397005E-02
   2047.00000       5.34094460E-02
   2048.00000       5.67264631E-02
   2049.00000       6.01415448E-02
   2050.00000       6.40476868E-02
   2051.00000       6.71299770E-02
   2052.00000       7.06159323E-02
   2053.00000       7.36491904E-02
   2054.00000       7.59350508E-02
   2055.00000       7.97322169E-02
   2056.00000       8.31853971E-02
   2057.00000       8.67153108E-02
   2058.00000       9.03430209E-02
   2059.00000       9.38564166E-02
   2060.00000       9.79863703E-02
   2061.00000      0.102863461    
   2062.00000      0.106371514    
   2063.00000      0.111025050    
   2064.00000      0.114723898    
   2065.00000      0.119279116    
   2066.00000      0.124418125    
   2067.00000      0.128891796    
   2068.00000      0.132590652    
   2069.00000      0.136660382    
   2070.00000      0.140173778    
   2071.00000      0.144270718    
   2072.00000      0.148946092    
   2073.00000      0.153452277    
   2074.00000      0.157723993    
   2075.00000      0.162672207    
   2076.00000      0.166878372    
   2077.00000      0.171090141    
   2078.00000      0.175765261    
   2079.00000      0.180713475    
   2080.00000      0.186954513    
   2081.00000      0.192382872    
   2082.00000      0.198116601    
   2083.00000      0.201700866    
   2084.00000      0.204624891    
   2085.00000      0.208787605    
   2086.00000      0.213402793    
   2087.00000      0.218776524    
   2088.00000      0.225295737    
   2089.00000      0.230926067    
   2090.00000      0.235704839    
   2091.00000      0.242262408    
   2092.00000      0.248410732    
   2093.00000      0.255192131    
   2094.00000      0.260772914    
   2095.00000      0.267974198    
   2096.00000      0.274237096    
   2097.00000      0.282038480    
   2098.00000      0.288317859    
   2099.00000      0.294531703    
   2100.00000      0.300729066    
