283
  -122000.000    
  -121000.000    
  -120000.000    
  -119000.000    
  -118000.000    
  -117000.000    
  -116000.000    
  -115000.000    
  -114000.000    
  -113000.000    
  -112000.000    
  -111000.000    
  -110000.000    
  -108000.000    
  -106000.000    
  -104000.000    
  -102000.000    
  -100000.000    
  -98000.0000    
  -96000.0000    
  -94000.0000    
  -92000.0000    
  -90000.0000    
  -88000.0000    
  -86000.0000    
  -84000.0000    
  -82000.0000    
  -80000.0000    
  -78000.0000    
  -76000.0000    
  -74000.0000    
  -72000.0000    
  -70000.0000    
  -68000.0000    
  -66000.0000    
  -64000.0000    
  -62000.0000    
  -60000.0000    
  -58000.0000    
  -56000.0000    
  -54000.0000    
  -52000.0000    
  -50000.0000    
  -48000.0000    
  -46000.0000    
  -44000.0000    
  -42000.0000    
  -40000.0000    
  -39000.0000    
  -38000.0000    
  -37000.0000    
  -36000.0000    
  -35000.0000    
  -34000.0000    
  -33000.0000    
  -32000.0000    
  -31000.0000    
  -30000.0000    
  -29500.0000    
  -29000.0000    
  -28500.0000    
  -28000.0000    
  -27500.0000    
  -27000.0000    
  -26750.0000    
  -26500.0000    
  -26250.0000    
  -26000.0000    
  -25750.0000    
  -25500.0000    
  -25250.0000    
  -25000.0000    
  -24750.0000    
  -24500.0000    
  -24250.0000    
  -24000.0000    
  -23750.0000    
  -23500.0000    
  -23250.0000    
  -23000.0000    
  -22500.0000    
  -22000.0000    
  -21500.0000    
  -21000.0000    
  -20500.0000    
  -20000.0000    
  -19500.0000    
  -19000.0000    
  -18500.0000    
  -18000.0000    
  -17500.0000    
  -17000.0000    
  -16500.0000    
  -16000.0000    
  -15500.0000    
  -15000.0000    
  -14750.0000    
  -14500.0000    
  -14250.0000    
  -14000.0000    
  -13750.0000    
  -13500.0000    
  -13250.0000    
  -13000.0000    
  -12750.0000    
  -12500.0000    
  -12250.0000    
  -12000.0000    
  -11750.0000    
  -11500.0000    
  -11250.0000    
  -11000.0000    
  -10750.0000    
  -10500.0000    
  -10250.0000    
  -10000.0000    
  -9750.00000    
  -9500.00000    
  -9250.00000    
  -9000.00000    
  -8750.00000    
  -8500.00000    
  -8250.00000    
  -8000.00000    
  -7750.00000    
  -7500.00000    
  -7250.00000    
  -7000.00000    
  -6750.00000    
  -6500.00000    
  -6250.00000    
  -6000.00000    
  -5750.00000    
  -5500.00000    
  -5250.00000    
  -5000.00000    
  -4750.00000    
  -4500.00000    
  -4250.00000    
  -4000.00000    
  -3750.00000    
  -3500.00000    
  -3250.00000    
  -3000.00000    
  -2750.00000    
  -2500.00000    
  -2250.00000    
  -2000.00000    
  -1750.00000    
  -1500.00000    
  -1250.00000    
  -1000.00000    
  -750.000000    
  -500.000000    
  -400.000000    
  -300.000000    
  -250.000000    
  -220.000000    
  -200.000000    
  -180.000000    
  -160.000000    
  -145.000000    
  -135.000000    
  -128.000000    
  -123.000000    
  -120.000000    
  -118.000000    
  -116.000000    
  -114.000000    
  -112.000000    
  -110.000000    
  -108.000000    
  -106.000000    
  -104.000000    
  -102.000000    
  -100.000000    
  -98.0000000    
  -96.0000000    
  -94.0000000    
  -92.0000000    
  -90.0000000    
  -88.0000000    
  -86.0000000    
  -84.0000000    
  -82.0000000    
  -80.0000000    
  -78.0000000    
  -76.0000000    
  -74.0000000    
  -72.0000000    
  -70.0000000    
  -68.0000000    
  -66.0000000    
  -64.0000000    
  -62.0000000    
  -60.0000000    
  -58.0000000    
  -56.0000000    
  -54.0000000    
  -52.0000000    
  -50.0000000    
  -48.0000000    
  -46.0000000    
  -44.0000000    
  -42.0000000    
  -40.0000000    
  -38.0000000    
  -36.0000000    
  -34.0000000    
  -32.0000000    
  -30.0000000    
  -28.0000000    
  -26.0000000    
  -24.0000000    
  -22.0000000    
  -20.0000000    
  -18.0000000    
  -16.0000000    
  -14.0000000    
  -12.0000000    
  -10.0000000    
  -8.00000000    
  -6.00000000    
  -4.00000000    
  -2.00000000    
 0.00000000
   5.00000000
   10.0000000
   15.0000000
   20.0000000
   25.0000000
   30.0000000
   35.0000000
   40.0000000
   45.0000000
   50.0000000
   55.0000000
   60.0000000
   65.0000000
   70.0000000
   75.0000000
   80.0000000
   85.0000000
   90.0000000
   95.0000000
   100.000000
   105.000000
   110.000000
   115.000000
   120.000000
   125.000000
   130.000000
   135.000000
   140.000000
   145.000000
   150.000000
   155.000000
   160.000000
   165.000000
   170.000000
   175.000000
   180.000000
   185.000000
   190.000000
   195.000000
   200.000000
   205.000000
   210.000000
   215.000000
   220.000000
   225.000000
   230.000000
   235.000000
   240.000000
   245.000000
   250.000000
   255.000000
   260.000000
   265.000000
   270.000000
   275.000000
   280.000000
   285.000000
