          57
   5.00000000    
   10.0000000    
   15.0000000    
   20.0000000    
   25.0000000    
   30.0000000    
   35.0000000    
   40.0000000    
   45.0000000    
   50.0000000    
   55.0000000    
   60.0000000    
   65.0000000    
   70.0000000    
   75.0000000    
   80.0000000    
   85.0000000    
   90.0000000    
   95.0000000    
   100.000000    
   105.000000    
   110.000000    
   115.000000    
   120.000000    
   125.000000    
   130.000000    
   135.000000    
   140.000000    
   145.000000    
   150.000000    
   155.000000    
   160.000000    
   165.000000    
   170.000000    
   175.000000    
   180.000000    
   185.000000    
   190.000000    
   195.000000    
   200.000000    
   205.000000    
   210.000000    
   215.000000    
   220.000000    
   225.000000    
   230.000000    
   235.000000    
   240.000000    
   245.000000    
   250.000000    
   255.000000    
   260.000000    
   265.000000    
   270.000000    
   275.000000    
   280.000000    
   285.000000    
